Webots Project File version R2019b
perspectives: 000000ff00000000fd0000000300000000000001e5000003b6fc0100000003fb0000001e00480074006d006c0052006f0062006f007400570069006e0064006f00770100000000000001e50000006900fffffffb0000001e00480074006d006c0052006f0062006f007400570069006e0064006f007700000000b80000012d0000000000000000fb0000001a0044006f00630075006d0065006e0074006100740069006f006e0000000000ffffffff0000006900ffffff000000010000009a0000063dfc0200000001fb0000001400540065007800740045006400690074006f007200000000150000063d0000004100ffffff0000000300000599000000b2fc0100000001fb0000000e0043006f006e0073006f006c006501000001e7000005990000006900ffffff000005990000030200000001000000020000000100000008fc00000000
simulationViewPerspectives: 000000ff000000010000000200000000000005970100000002010000000100
sceneTreePerspectives: 000000ff0000000100000002000000c0000000fa0100000002010000000200
maximizedDockId: -1
centralWidgetVisible: 1
selectionDisabled: 0
viewpointLocked: 0
orthographicViewHeight: 1
textFiles: -1
robotWindow: robot
renderingDevicePerspectives: robot0:camera;1;2.375;0;0
renderingDevicePerspectives: robot1:camera;1;1.375;0.908444;0.0137457
