Webots Project File version R2019b
perspectives: 000000ff00000000fd000000030000000000000212000003d0fc0100000003fb0000001e00480074006d006c0052006f0062006f007400570069006e0064006f00770100000000000002120000006900fffffffb0000001e00480074006d006c0052006f0062006f007400570069006e0064006f00770100000000000004c10000000000000000fb0000001a0044006f00630075006d0065006e0074006100740069006f006e0000000000ffffffff0000006900ffffff00000001000001dc000003d0fc0200000001fb0000001400540065007800740045006400690074006f00720000000015000003d00000004100ffffff0000000300000554000000d2fc0100000001fb0000000e0043006f006e0073006f006c0065000000022c000005540000006900ffffff0000056c000003d000000001000000020000000100000008fc00000000
simulationViewPerspectives: 000000ff000000010000000200000000000002bb0100000002010000000100
sceneTreePerspectives: 000000ff000000010000000200000282000000fa0100000002010000000200
maximizedDockId: -1
centralWidgetVisible: 1
selectionDisabled: 1
viewpointLocked: 0
orthographicViewHeight: 1
textFiles: -1
robotWindow: robot
renderingDevicePerspectives: robot0:camera;1;2.53125;0;0
renderingDevicePerspectives: robot1:camera;1;2.53125;0.819383;0
