Webots Project File version R2020a
perspectives: 000000ff00000000fd000000030000000000000216000003d0fc0100000004fb0000001e00480074006d006c0052006f0062006f007400570069006e0064006f00770100000000000002160000006900fffffffb0000001e00480074006d006c0052006f0062006f007400570069006e0064006f00770100000000000001550000000000000000fb0000001e00480074006d006c0052006f0062006f007400570069006e0064006f00770100000098000000bd0000000000000000fb0000001a0044006f00630075006d0065006e0074006100740069006f006e0000000000ffffffff0000006900ffffff000000010000031a000003d0fc0200000001fb0000001400540065007800740045006400690074006f00720000000015000003d00000004100ffffff0000000300000629000000e6fc0100000001fb0000000e0043006f006e0073006f006c00650000000157000006290000006900ffffff00000568000003d000000001000000020000000100000008fc00000000
simulationViewPerspectives: 000000ff0000000100000002000001eb0000037b0100000002010000000100
sceneTreePerspectives: 000000ff0000000100000002000000c0000000fa0100000002010000000200
minimizedPerspectives: 000000ff00000000fd0000000300000000000001ae000003b6fc0100000002fb0000001e00480074006d006c0052006f0062006f007400570069006e0064006f00770100000000000001ae0000006900fffffffb0000001a0044006f00630075006d0065006e0074006100740069006f006e0000000000ffffffff0000006900ffffff000000010000016c0000024ffc0200000001fb0000001400540065007800740045006400690074006f007200000000140000024f0000004100ffffff00000003000005d000000122fc0100000001fb0000000e0043006f006e0073006f006c006501000001b0000005d00000006900ffffff000005d00000029200000001000000020000000100000008fc00000000
maximizedDockId: -1
centralWidgetVisible: 1
selectionDisabled: 0
viewpointLocked: 0
orthographicViewHeight: 1
textFiles: -1
robotWindow: robot
renderingDevicePerspectives: robot0:camera;0;1.90625;0;0
renderingDevicePerspectives: robot1:camera;0;0.820513;0;0
